8 2 22 97 = 34144

34144
8 49 81 52 = 1651104

1651104
8 49 31 23 = 279496
8 48 5 4 = 7680
8 0 36 2 = 0
8 70 35 41 = 803600
2 22 97 38 = 162184
2 49 49 70 = 336140
2 99 73 4 = 57816
2 1 54 36 = 3888
2 49 65 36 = 229320
2 54 29 72 = 225504
22 97 38 15 = 1216380
22 99 31 95 = 6414210

6414210
22 40 55 60 = 2904000
22 70 20 16 = 492800
22 49 81 91 = 7945938

7945938
22 71 78 30 = 3655080
97 38 15 0 = 0
97 40 73 23 = 6514520
97 22 2 8 = 34144
97 17 79 11 = 1432981
97 54 73 20 = 7647480
97 99 49 52 = 24468444

24468444
97 83 31 23 = 5740363
38 15 0 40 = 0
38 17 55 4 = 142120
38 97 22 2 = 162184
38 81 14 42 = 1809864
38 71 35 69 = 6515670
38 40 31 70 = 3298400
38 51 90 88 = 15348960
15 0 40 0 = 0
15 81 79 60 = 5759100
15 38 97 22 = 1216380
15 18 29 69 = 540270
15 83 29 36 = 1299780
15 17 73 95 = 1768425
15 54 1 34 = 27540
0 40 0 75 = 0
0 18 14 11 = 0
0 15 38 97 = 0
0 57 93 24 = 0
0 51 78 41 = 0
0 81 55 23 = 0
0 69 74 62 = 0
40 0 75 4 = 0
40 57 29 42 = 2777040
40 0 15 38 = 0
40 60 71 68 = 11587200
40 54 31 72 = 4821120
40 18 79 4 = 227520
40 16 31 99 = 1964160
0 75 4 5 = 0
0 60 93 69 = 0
0 40 0 15 = 0
0 87 40 56 = 0
0 69 90 30 = 0
0 57 14 60 = 0
0 92 49 69 = 0
75 4 5 7 = 10500
75 87 71 24 = 11118600
75 0 40 0 = 0
75 17 67 1 = 85425
75 16 1 23 = 27600
75 60 29 11 = 1435500
75 33 71 82 = 14409450
4 5 7 78 = 10920
4 17 40 68 = 184960
4 75 0 40 = 0
4 40 53 32 = 271360
4 92 74 88 = 2396416
4 87 93 42 = 1359288
4 48 48 67 = 617472
5 7 78 52 = 141960
5 40 67 56 = 750400
5 4 75 0 = 0
5 98 88 56 = 2414720
5 33 31 34 = 173910
5 17 71 69 = 416415
5 61 86 59 = 1547570
7 78 52 12 = 340704
7 98 53 1 = 36358
7 5 4 75 = 10500
7 43 30 71 = 641130
7 48 49 62 = 1020768
7 40 40 24 = 268800
7 43 81 85 = 2072385
78 52 12 50 = 2433600
78 43 88 32 = 9444864
78 7 5 4 = 10920
78 69 3 37 = 597402
78 61 71 99 = 33443982

33443982
78 98 67 68 = 34826064

34826064
78 52 16 74 = 4802304
52 12 50 77 = 2402400
52 69 30 56 = 6027840
52 78 7 5 = 141960
52 48 49 2 = 244608
52 43 48 69 = 7405632
52 43 53 56 = 6636448
52 1 23 4 = 4784
12 50 77 91 = 4204200
12 48 3 71 = 122688
12 52 78 7 = 340704
12 4 13 36 = 22464
12 52 86 82 = 4400448
12 69 88 1 = 72864
12 89 57 36 = 2191536
50 77 91 8 = 2802800
50 4 49 37 = 362600
50 12 52 78 = 2433600
50 56 36 91 = 9172800
50 1 81 67 = 271350
50 48 30 32 = 2304000
50 19 5 16 = 76000
77 56 13 2 = 112112
77 50 12 52 = 2402400
77 89 16 59 = 6469232
77 4 3 56 = 51744
91 62 36 36 = 7312032
91 77 50 12 = 4204200
91 19 23 85 = 3380195
91 56 49 71 = 17728984
8 0 65 91 = 0
8 91 77 50 = 2802800
8 67 57 74 = 2260848
8 62 13 37 = 238576
49 49 99 40 = 9507960
49 81 52 22 = 4540536
49 49 95 71 = 16194745
49 8 67 57 = 1497048
49 65 36 33 = 3783780
49 2 54 29 = 153468
49 99 40 17 = 3298680
49 49 70 31 = 5210170
49 31 23 51 = 1781787
49 8 48 5 = 94080
49 81 91 13 = 4695327
49 22 71 78 = 5969964
99 40 17 81 = 5452920
99 31 95 16 = 4664880
99 73 4 67 = 1936836
99 2 1 54 = 10692
99 49 52 80 = 20180160
99 97 83 31 = 24708519
40 17 81 18 = 991440
40 73 23 71 = 4768360
40 99 49 49 = 9507960
40 55 60 63 = 8316000
40 22 70 20 = 1232000
40 31 70 22 = 1909600
40 38 51 90 = 6976800
17 81 18 57 = 1412802
17 55 4 51 = 190740
17 40 99 49 = 3298680
17 79 11 89 = 1314797
17 97 54 73 = 6500358
17 73 95 31 = 3654745
17 15 54 1 = 13770
81 18 57 60 = 4986360
81 79 60 67 = 25723980
81 17 40 99 = 5452920
81 14 42 41 = 1952748
81 38 71 35 = 7648830
81 55 23 16 = 1639440
81 0 69 74 = 0
18 57 60 87 = 5355720
18 14 11 63 = 174636
18 81 17 40 = 991440
18 29 69 92 = 3313656
18 15 83 29 = 649890
18 79 4 71 = 403848
18 40 16 31 = 357120
57 60 87 17 = 5058180
57 29 42 89 = 6178914
57 18 81 17 = 1412802
57 93 24 36 = 4580064
57 0 51 78 = 0
57 14 60 51 = 2441880
57 0 92 49 = 0
60 87 17 40 = 3549600
60 93 69 41 = 15785820
60 57 18 81 = 4986360
60 71 68 54 = 15642720
60 40 54 31 = 4017600
60 29 11 67 = 1282380
60 75 33 71 = 10543500
87 17 40 98 = 5797680
87 71 24 92 = 13638816
87 60 57 18 = 5355720
87 40 56 22 = 4287360
87 0 69 90 = 0
87 93 42 63 = 21408786
87 4 48 48 = 801792
17 40 98 43 = 2865520
17 40 68 36 = 1664640
17 87 60 57 = 5058180
17 67 1 40 = 45560
17 75 16 1 = 20400
17 71 69 89 = 7412187
17 5 61 86 = 445910
40 98 43 69 = 11630640
40 67 56 54 = 8104320
40 17 87 60 = 3549600
40 53 32 40 = 2713600
40 4 92 74 = 1089280
40 40 24 41 = 1574400
40 7 43 81 = 975240
98 43 69 48 = 13956768
98 53 1 22 = 114268
98 40 17 87 = 5797680
98 88 56 28 = 13522432
98 5 33 31 = 501270
98 67 68 92 = 41076896

41076896
98 78 52 16 = 6359808
43 69 48 4 = 569664
43 88 32 40 = 4843520
43 98 40 17 = 2865520
43 30 71 66 = 6044940
43 7 48 49 = 707952
43 53 56 36 = 4594464
43 52 1 23 = 51428
69 48 4 56 = 741888
69 30 56 40 = 4636800
69 43 98 40 = 11630640
69 3 37 33 = 252747
69 78 61 71 = 23309442
69 88 1 54 = 327888
69 12 89 57 = 4200444
48 4 56 62 = 666624
48 3 71 28 = 286272
48 69 43 98 = 13956768
48 49 2 13 = 61152
48 52 43 48 = 5151744
48 30 32 22 = 1013760
48 50 19 5 = 228000
4 56 62 0 = 0
4 49 37 66 = 478632
4 48 69 43 = 569664
4 13 36 80 = 149760
4 12 52 86 = 214656
4 3 56 40 = 26880
4 77 67 54 = 1114344
56 13 2 33 = 48048
56 4 48 69 = 741888
56 50 1 81 = 226800
56 49 71 40 = 7792960
62 36 36 13 = 1044576
62 56 4 48 = 666624
62 77 89 16 = 6798176
62 13 37 28 = 835016
0 65 91 80 = 0
0 62 56 4 = 0
0 91 19 23 = 0
0 36 2 66 = 0
81 49 31 73 = 8981847
81 52 22 24 = 2223936
81 70 16 60 = 5443200
81 0 91 19 = 0
81 91 13 17 = 1628991
81 49 22 71 = 6199578
49 31 73 55 = 6098785
49 70 31 47 = 4997510
49 95 71 99 = 32719995
49 49 8 67 = 1286936
49 52 80 12 = 2446080
49 99 97 83 = 39055401
31 73 55 79 = 9832735
31 95 16 32 = 1507840
31 23 51 3 = 109089
31 49 8 48 = 583296
31 70 22 50 = 2387000
31 40 38 51 = 2403120
73 55 79 14 = 4440590
73 23 71 60 = 7152540
73 31 49 81 = 8981847
73 4 67 45 = 880380
73 99 2 1 = 14454
73 95 31 24 = 5159640
73 17 15 54 = 1005210
55 79 14 29 = 1764070
55 4 51 99 = 1110780
55 73 31 49 = 6098785
55 60 63 2 = 415800
55 40 22 70 = 3388000
55 23 16 47 = 951280
55 81 0 69 = 0
79 14 29 93 = 2982882
79 60 67 3 = 952740
79 55 73 31 = 9832735
79 11 89 44 = 3403004
79 17 97 54 = 7034634
79 4 71 32 = 717952
79 18 40 16 = 910080
14 29 93 71 = 2680818
14 11 63 45 = 436590
14 79 55 73 = 4440590
14 42 41 75 = 1808100
14 81 38 71 = 3059532
14 60 51 60 = 2570400
14 57 0 92 = 0
29 93 71 40 = 7659480
29 42 89 2 = 216804
29 14 79 55 = 1764070
29 69 92 33 = 6075036
29 18 15 83 = 649890
29 11 67 99 = 2115927
29 60 75 33 = 4306500
93 71 40 67 = 17696040
93 69 41 44 = 11576268
93 29 14 79 = 2982882
93 24 36 53 = 4258656
93 57 0 51 = 0
93 42 63 3 = 738234
93 87 4 48 = 1553472
71 40 67 53 = 10084840
71 24 92 75 = 11757600
71 93 29 14 = 2680818
71 68 54 78 = 20335536
71 60 40 54 = 9201600
71 69 89 45 = 19620495
71 17 5 61 = 368135
40 67 53 88 = 12499520
40 68 36 33 = 3231360
40 71 93 29 = 7659480
40 56 22 36 = 1774080
40 87 0 69 = 0
40 24 41 2 = 78720
40 40 7 43 = 481600
67 53 88 30 = 9374640
67 56 54 53 = 10738224
67 40 71 93 = 17696040
67 1 40 84 = 225120
67 17 75 16 = 1366800
67 68 92 44 = 18442688
67 98 78 52 = 26631696
53 88 30 3 = 419760
53 1 22 78 = 90948
53 67 40 71 = 10084840
53 32 40 20 = 1356800
53 40 4 92 = 780160
53 56 36 75 = 8013600
53 43 52 1 = 118508
88 30 3 49 = 388080
88 32 40 36 = 4055040
88 53 67 40 = 12499520
88 56 28 35 = 4829440
88 98 5 33 = 1422960
88 1 54 33 = 156816
88 69 12 89 = 6484896
30 3 49 13 = 57330
30 56 40 84 = 5644800
30 88 53 67 = 9374640
30 71 66 17 = 2389860
30 43 7 48 = 433440
30 32 22 53 = 1119360
30 48 50 19 = 1368000
3 49 13 36 = 68796
3 71 28 20 = 119280
3 30 88 53 = 419760
3 37 33 12 = 43956
3 69 78 61 = 984906
3 56 40 78 = 524160
3 4 77 67 = 61908
49 13 36 65 = 1490580
49 37 66 35 = 4188030
49 3 30 88 = 388080
49 2 13 50 = 63700
49 48 52 43 = 5259072
49 71 40 36 = 5009760
49 56 91 48 = 11985792
13 2 33 17 = 14586
13 49 3 30 = 57330
13 4 12 52 = 32448
13 37 28 84 = 1131312
36 36 13 12 = 202176
36 13 49 3 = 68796
36 56 50 1 = 100800
36 2 66 20 = 95040
65 91 80 50 = 23660000
65 36 13 49 = 1490580
65 62 77 89 = 27617590
65 36 33 35 = 2702700
52 70 95 23 = 7953400
52 22 24 32 = 878592
52 81 49 8 = 1651104
52 31 32 28 = 1444352
52 65 62 77 = 16136120
52 80 12 38 = 1896960
52 49 99 97 = 24468444
70 95 23 4 = 611800
70 31 47 98 = 9995020
70 49 49 2 = 336140
70 16 60 64 = 4300800
70 81 0 91 = 0
70 22 50 64 = 4928000
70 31 40 38 = 3298400
95 23 4 60 = 524400
95 16 32 81 = 3939840
95 31 99 22 = 6414210
95 71 99 23 = 15358365
95 49 49 8 = 1824760
95 31 24 70 = 4947600
95 73 17 15 = 1768425
23 4 60 11 = 60720
23 71 60 28 = 2743440
23 73 40 97 = 6514520
23 95 70 52 = 7953400
23 51 3 67 = 235773
23 31 49 8 = 279496
23 16 47 32 = 553472
23 55 81 0 = 0
4 60 11 42 = 110880
4 51 99 64 = 1292544
4 55 17 38 = 142120
4 23 95 70 = 611800
4 67 45 10 = 120600
4 73 99 2 = 57816
4 71 32 98 = 890624
4 79 18 40 = 227520
60 11 42 69 = 1912680
60 67 3 23 = 277380
60 79 81 15 = 5759100
60 4 23 95 = 524400
60 63 2 26 = 196560
60 55 40 22 = 2904000
60 51 60 81 = 14871600
60 14 57 0 = 0
11 42 69 24 = 765072
11 63 45 67 = 2089395
11 14 18 0 = 0
11 60 4 23 = 60720
11 89 44 38 = 1636888
11 79 17 97 = 1432981
11 67 99 28 = 2042964
11 29 60 75 = 1435500
42 69 24 68 = 4729536
42 89 2 10 = 74760
42 29 57 40 = 2777040
42 11 60 4 = 110880
42 41 75 40 = 5166000
42 14 81 38 = 1809864
42 63 3 64 = 508032
42 93 87 4 = 1359288
69 24 68 56 = 6306048
69 41 44 26 = 3236376
69 93 60 0 = 0
69 42 11 60 = 1912680
69 92 33 67 = 14035428
69 29 18 15 = 540270
69 89 45 23 = 6355935
69 71 17 5 = 416415
24 68 56 1 = 91392
24 92 75 38 = 6292800
24 71 87 75 = 11118600
24 69 42 11 = 765072
24 36 53 59 = 2701728
24 93 57 0 = 0
24 41 2 67 = 131856
24 40 40 7 = 268800
68 56 1 32 = 121856
68 36 33 40 = 3231360
68 40 17 4 = 184960
68 24 69 42 = 4729536
68 54 78 54 = 15466464
68 71 60 40 = 11587200
68 92 44 10 = 2752640
68 67 98 78 = 34826064
56 1 32 56 = 100352
56 54 53 67 = 10738224
56 67 40 5 = 750400
56 68 24 69 = 6306048
56 22 36 70 = 3104640
56 40 87 0 = 0
56 36 75 26 = 3931200
56 53 43 52 = 6636448
1 32 56 71 = 127232
1 22 78 59 = 101244
1 53 98 7 = 36358
1 56 68 24 = 91392
1 40 84 66 = 221760
1 67 17 75 = 85425
1 54 33 38 = 67716
1 88 69 12 = 72864
32 56 71 37 = 4707584
32 40 36 54 = 2488320
32 88 43 78 = 9444864
32 1 56 68 = 121856
32 40 20 18 = 460800
32 53 40 4 = 271360
32 22 53 40 = 1492480
32 30 48 50 = 2304000
56 71 37 2 = 294224
56 40 84 70 = 13171200
56 30 69 52 = 6027840
56 32 1 56 = 100352
56 28 35 38 = 2085440
56 88 98 5 = 2414720
56 40 78 67 = 11706240
56 3 4 77 = 51744
71 37 2 36 = 189144
71 28 20 66 = 2624160
71 3 48 12 = 122688
71 56 32 1 = 127232
71 66 17 64 = 5098368
71 30 43 7 = 641130
71 40 36 59 = 6032160
71 49 56 91 = 17728984
37 2 36 91 = 242424
37 66 35 18 = 1538460
37 49 4 50 = 362600
37 71 56 32 = 4707584
37 33 12 70 = 1025640
37 3 69 78 = 597402
37 28 84 54 = 4699296
37 13 62 8 = 238576
2 33 17 38 = 42636
2 13 56 77 = 112112
2 37 71 56 = 294224
2 49 48 52 = 244608
2 66 20 70 = 184800
36 13 12 64 = 359424
36 36 62 91 = 7312032
36 2 37 71 = 189144
36 13 4 12 = 22464
36 33 35 66 = 2744280
91 80 50 70 = 25480000
91 65 0 8 = 0
91 36 2 37 = 242424
91 36 56 50 = 9172800
91 13 17 18 = 361998
22 31 16 71 = 774752
22 24 32 67 = 1132032
22 52 81 49 = 4540536
22 47 81 68 = 5695272
22 91 36 56 = 4036032
22 50 64 49 = 3449600
22 70 31 40 = 1909600
31 16 71 51 = 1796016
31 47 98 26 = 3712436
31 70 49 49 = 5210170
31 32 28 2 = 55552
31 52 65 62 = 6496360
31 24 70 94 = 4895520
31 95 73 17 = 3654745
16 71 51 67 = 3881712
16 32 81 20 = 829440
16 95 31 99 = 4664880
16 60 64 62 = 3809280
16 70 81 0 = 0
16 47 32 21 = 505344
16 23 55 81 = 1639440
71 51 67 63 = 15284241
71 60 28 68 = 8111040
71 23 73 40 = 4768360
71 16 31 22 = 774752
71 99 23 12 = 1940004
71 95 49 49 = 16194745
71 32 98 67 = 14917952
71 4 79 18 = 403848
51 67 63 89 = 19159119
51 99 64 2 = 646272
51 4 55 17 = 190740
51 71 16 31 = 1796016
51 3 67 20 = 205020
51 23 31 49 = 1781787
51 60 81 26 = 6444360
51 60 14 57 = 2441880
67 63 89 41 = 15402429
67 3 23 62 = 286626
67 60 79 81 = 25723980
67 51 71 16 = 3881712
67 45 10 95 = 2864250
67 4 73 99 = 1936836
67 99 28 20 = 3714480
67 11 29 60 = 1282380
63 89 41 92 = 21149604
63 45 67 12 = 2279340
63 11 14 18 = 174636
63 67 51 71 = 15284241
63 2 26 63 = 206388
63 60 55 40 = 8316000
63 3 64 68 = 822528
63 42 93 87 = 21408786
89 41 92 36 = 12085488
89 2 10 20 = 35600
89 42 29 57 = 6178914
89 63 67 51 = 19159119
89 44 38 94 = 13987952
89 11 79 17 = 1314797
89 45 23 2 = 184230
89 69 71 17 = 7412187
41 92 36 54 = 7332768
41 44 26 95 = 4455880
41 69 93 60 = 15785820
41 89 63 67 = 15402429
41 75 40 39 = 4797000
41 42 14 81 = 1952748
41 2 67 62 = 340628
41 24 40 40 = 1574400
92 36 54 22 = 3934656
92 75 38 63 = 16518600
92 24 71 87 = 13638816
92 41 89 63 = 21149604
92 33 67 63 = 12814956
92 69 29 18 = 3313656
92 44 10 12 = 485760
92 68 67 98 = 41076896
36 54 22 40 = 1710720
36 33 40 94 = 4466880
36 68 40 17 = 1664640
36 92 41 89 = 12085488
36 53 59 8 = 900576
36 24 93 57 = 4580064
36 75 26 20 = 1404000
36 56 53 43 = 4594464
54 22 40 40 = 1900800
54 53 67 39 = 7478406
54 56 67 40 = 8104320
54 36 92 41 = 7332768
54 78 54 40 = 9097920
54 68 71 60 = 15642720
54 33 38 95 = 6433020
54 1 88 69 = 327888
22 40 40 28 = 985600
22 78 59 63 = 6378372
22 1 53 98 = 114268
22 54 36 92 = 3934656
22 36 70 91 = 5045040
22 56 40 87 = 4287360
22 53 40 63 = 2938320
22 32 30 48 = 1013760
40 40 28 66 = 2956800
40 36 54 8 = 622080
40 32 88 43 = 4843520
40 22 54 36 = 1710720
40 84 66 66 = 14636160
40 1 67 17 = 45560
40 78 67 94 = 19649760
40 56 3 4 = 26880
40 28 66 33 = 2439360
40 84 70 40 = 9408000
40 56 30 69 = 4636800
40 40 22 54 = 1900800
40 20 18 49 = 705600
40 32 53 40 = 2713600
40 36 59 39 = 3313440
40 71 49 56 = 7792960
28 66 33 13 = 792792
28 20 66 91 = 3363360
28 71 3 48 = 286272
28 40 40 22 = 985600
28 35 38 94 = 3500560
28 56 88 98 = 13522432
28 84 54 63 = 8001504
28 37 13 62 = 835016
66 33 13 80 = 2265120
66 35 18 66 = 2744280
66 37 49 4 = 478632
66 28 40 40 = 2956800
66 17 64 21 = 1507968
66 71 30 43 = 6044940
66 20 70 8 = 739200
66 2 36 0 = 0
33 17 38 49 = 1044582
33 2 13 56 = 48048
33 66 28 40 = 2439360
33 37 3 69 = 252747
33 35 66 40 = 3049200
13 12 64 94 = 938496
13 36 36 62 = 1044576
13 33 66 28 = 792792
13 2 49 48 = 61152
13 17 18 91 = 361998
80 50 70 21 = 5880000
80 91 65 0 = 0
80 13 33 66 = 2265120
80 36 13 4 = 149760
80 12 38 66 = 2407680
24 47 32 60 = 2165760
24 32 67 24 = 1234944
24 22 52 81 = 2223936
24 98 20 5 = 235200
24 80 36 13 = 898560
24 70 94 89 = 14054880
24 31 95 73 = 5159640
47 32 60 99 = 8933760
47 98 26 55 = 6586580
47 31 70 49 = 4997510
47 81 68 66 = 17085816
47 22 91 36 = 3387384
47 32 21 63 = 1989792
47 16 23 55 = 951280
32 60 99 3 = 570240
32 81 20 58 = 3006720
32 16 95 31 = 1507840
32 28 2 73 = 130816
32 31 52 65 = 3352960
32 98 67 72 = 15128064
32 71 4 79 = 717952
60 99 3 45 = 801900
60 28 68 5 = 571200
60 71 23 73 = 7152540
60 32 47 24 = 2165760
60 64 62 99 = 23569920
60 16 70 81 = 5443200
60 81 26 24 = 3032640
60 51 60 14 = 2570400
99 3 45 2 = 26730
99 64 2 66 = 836352
99 51 4 55 = 1110780
99 60 32 47 = 8933760
99 23 12 26 = 710424
99 71 95 49 = 32719995
99 28 20 55 = 3049200
99 67 11 29 = 2115927
3 45 2 44 = 11880
3 23 62 73 = 312294
3 67 60 79 = 952740
3 99 60 32 = 570240
3 67 20 97 = 389940
3 51 23 31 = 109089
3 64 68 58 = 757248
3 63 42 93 = 738234
45 2 44 75 = 297000
45 67 12 99 = 3581820
45 63 11 14 = 436590
45 3 99 60 = 801900
45 10 95 17 = 726750
45 67 4 73 = 880380
45 23 2 5 = 10350
45 89 69 71 = 19620495
2 44 75 33 = 217800
2 10 20 26 = 10400
2 89 42 29 = 216804
2 45 3 99 = 26730
2 26 63 78 = 255528
2 63 60 55 = 415800
2 67 62 66 = 548328
2 41 24 40 = 78720
44 75 33 53 = 5771700
44 26 95 97 = 10541960
44 41 69 93 = 11576268
44 2 45 3 = 11880
44 38 94 78 = 12259104
44 89 11 79 = 3403004
44 10 12 73 = 385440
44 92 68 67 = 18442688
75 33 53 78 = 10231650
75 38 63 17 = 3052350
75 92 24 71 = 11757600
75 44 2 45 = 297000
75 40 39 96 = 11232000
75 41 42 14 = 1808100
75 26 20 99 = 3861000
75 36 56 53 = 8013600
33 53 78 36 = 4911192
33 40 94 78 = 9678240
33 36 68 40 = 3231360
33 75 44 2 = 217800
33 67 63 83 = 11561319
33 92 69 29 = 6075036
33 38 95 26 = 3097380
33 54 1 88 = 156816
53 78 36 84 = 12501216
53 67 39 78 = 10802142
53 54 56 67 = 10738224
53 33 75 44 = 5771700
53 59 8 14 = 350224
53 36 24 93 = 4258656
53 40 63 97 = 12955320
53 22 32 30 = 1119360
78 36 84 20 = 4717440
78 59 63 96 = 27832896
78 22 1 53 = 90948
78 53 33 75 = 10231650
78 54 40 88 = 14826240
78 54 68 71 = 20335536
78 67 94 17 = 8351148
78 40 56 3 = 524160
36 84 20 35 = 2116800
36 54 8 83 = 1290816
36 40 32 88 = 4055040
36 78 53 33 = 4911192
36 70 91 34 = 7796880
36 22 56 40 = 1774080
36 59 39 78 = 6461208
36 40 71 49 = 5009760
84 20 35 17 = 999600
84 70 40 14 = 3292800
84 40 56 30 = 5644800
84 36 78 53 = 12501216
84 66 66 89 = 32565456
84 40 1 67 = 225120
84 54 63 78 = 22289904
84 28 37 13 = 1131312
20 35 17 12 = 142800
20 66 91 88 = 10570560
20 28 71 3 = 119280
20 84 36 78 = 4717440
20 18 49 63 = 1111320
20 40 32 53 = 1356800
20 70 8 96 = 1075200
20 66 2 36 = 95040
35 17 12 50 = 357000
35 18 66 34 = 1413720
35 66 37 49 = 4188030
35 20 84 36 = 2116800
35 38 94 72 = 9001440
35 28 56 88 = 4829440
35 66 40 83 = 7669200
35 33 36 65 = 2702700
17 38 49 89 = 2817206
17 33 2 13 = 14586
17 35 20 84 = 999600
17 66 71 30 = 2389860
17 18 91 14 = 389844
12 64 94 63 = 4548096
12 13 36 36 = 202176
12 17 35 20 = 142800
12 33 37 3 = 43956
12 38 66 88 = 2648448
50 70 21 72 = 5292000
50 80 91 65 = 23660000
50 12 17 35 = 357000
50 13 2 49 = 63700
50 64 49 34 = 5331200
32 98 81 28 = 7112448
32 67 24 21 = 1080576
32 24 22 52 = 878592
32 26 58 9 = 434304
32 50 13 2 = 41600
32 21 63 31 = 1312416
32 47 16 23 = 553472
98 81 28 64 = 14224896
98 26 55 36 = 5045040
98 47 31 70 = 9995020
98 20 5 75 = 735000
98 24 80 36 = 6773760
98 67 72 33 = 15600816
98 32 71 4 = 890624
81 28 64 23 = 3338496
81 20 58 23 = 2161080
81 32 16 95 = 3939840
81 68 66 0 = 0
81 47 22 91 = 7621614
81 26 24 95 = 4801680
81 60 51 60 = 14871600
28 64 23 67 = 2761472
28 68 5 9 = 85680
28 60 71 23 = 2743440
28 81 98 32 = 7112448
28 2 73 76 = 310688
28 32 31 52 = 1444352
28 20 55 21 = 646800
28 99 67 11 = 2042964
64 23 67 10 = 986240
64 2 66 75 = 633600
64 99 51 4 = 1292544
64 28 81 98 = 14224896
64 62 99 44 = 17284608
64 60 16 70 = 4300800
64 68 58 36 = 9086976
64 3 63 42 = 508032
23 67 10 26 = 400660
23 62 73 0 = 0
23 3 67 60 = 277380
23 64 28 81 = 3338496
23 12 26 20 = 143520
23 99 71 95 = 15358365
23 2 5 23 = 5290
23 45 89 69 = 6355935
67 10 26 38 = 661960
67 12 99 76 = 6049296
67 45 63 11 = 2089395
67 23 64 28 = 2761472
67 20 97 45 = 5849100
67 3 51 23 = 235773
67 62 66 9 = 2467476
67 2 41 24 = 131856
10 26 38 40 = 395200
10 20 26 44 = 228800
10 2 89 42 = 74760
10 67 23 64 = 986240
10 95 17 35 = 565250
10 45 67 4 = 120600
10 12 73 75 = 657000
10 44 92 68 = 2752640
26 38 40 67 = 2647840
26 95 97 20 = 4791800
26 44 41 69 = 3236376
26 10 67 23 = 400660
26 63 78 14 = 1788696
26 2 63 60 = 196560
26 20 99 0 = 0
26 75 36 56 = 3931200
38 40 67 59 = 6008560
38 63 17 45 = 1831410
38 75 92 24 = 6292800
38 26 10 67 = 661960
38 94 78 0 = 0
38 44 89 11 = 1636888
38 95 26 76 = 7133360
38 33 54 1 = 67716
40 67 59 54 = 8538480
40 94 78 35 = 10264800
40 33 36 68 = 3231360
40 38 26 10 = 395200
40 39 96 61 = 9135360
40 75 41 42 = 5166000
40 63 97 44 = 10755360
40 53 22 32 = 1492480
67 59 54 70 = 14942340
67 39 78 14 = 2853396
67 53 54 56 = 10738224
67 40 38 26 = 2647840
67 63 83 33 = 11561319
67 33 92 69 = 14035428
67 94 17 20 = 2141320
67 78 40 56 = 11706240
59 54 70 66 = 14719320
59 63 96 0 = 0
59 78 22 1 = 101244
59 67 40 38 = 6008560
59 8 14 97 = 640976
59 53 36 24 = 2701728
59 39 78 45 = 8076510
59 36 40 71 = 6032160
54 70 66 18 = 4490640
54 8 83 61 = 2187216
54 36 40 32 = 2488320
54 59 67 40 = 8538480
54 40 88 34 = 6462720
54 78 54 68 = 15466464
54 63 78 35 = 9287460
54 84 28 37 = 4699296
70 66 18 38 = 3160080
70 40 14 33 = 1293600
70 84 40 56 = 13171200
70 54 59 67 = 14942340
70 91 34 31 = 6713980
70 36 22 56 = 3104640
70 8 96 14 = 752640
70 20 66 2 = 184800
66 18 38 64 = 2889216
66 91 88 97 = 51267216

51267216
66 20 28 71 = 2624160
66 70 54 59 = 14719320
66 66 89 33 = 12793572
66 84 40 1 = 221760
66 40 83 0 = 0
66 35 33 36 = 2744280
18 38 64 70 = 3064320
18 66 34 34 = 1373328
18 35 66 37 = 1538460
18 66 70 54 = 4490640
18 49 63 95 = 5278770
18 20 40 32 = 460800
18 91 14 61 = 1398852
18 17 13 91 = 361998
38 49 89 31 = 5137258
38 17 33 2 = 42636
38 18 66 70 = 3160080
38 35 28 56 = 2085440
38 66 88 33 = 7283232
64 94 63 33 = 12507264
64 12 13 36 = 359424
64 38 18 66 = 2889216
64 17 66 71 = 5098368
64 49 34 97 = 10342528
70 21 72 95 = 10054800
70 50 80 91 = 25480000
70 64 38 18 = 3064320
70 12 33 37 = 1025640
70 94 89 34 = 19911080
67 26 20 68 = 2369120
67 24 21 78 = 2633904
67 32 24 22 = 1132032
67 55 23 28 = 2373140
67 70 12 33 = 1857240
67 72 33 53 = 8437176
67 98 32 71 = 14917952
26 20 68 2 = 70720
26 55 36 17 = 875160
26 98 47 31 = 3712436
26 58 9 22 = 298584
26 32 50 13 = 540800
26 24 95 56 = 3319680
26 81 60 51 = 6444360
20 68 2 62 = 168640
20 58 23 53 = 1414040
20 81 32 16 = 829440
20 5 75 75 = 562500
20 98 24 80 = 3763200
20 55 21 92 = 2125200
20 28 99 67 = 3714480
68 2 62 12 = 101184
68 5 9 28 = 85680
68 28 60 71 = 8111040
68 20 26 67 = 2369120
68 66 0 31 = 0
68 81 47 22 = 5695272
68 58 36 78 = 11074752
68 64 3 63 = 822528
2 62 12 20 = 29760
2 66 75 22 = 217800
2 64 99 51 = 646272
2 68 20 26 = 70720
2 73 76 67 = 743432
2 28 32 31 = 55552
2 5 23 17 = 3910
2 23 45 89 = 184230
62 12 20 95 = 1413600
62 73 0 75 = 0
62 23 3 67 = 286626
62 2 68 20 = 168640
62 99 44 15 = 4051080
62 64 60 16 = 3809280
62 66 9 53 = 1951884
62 67 2 41 = 340628
12 20 95 63 = 1436400
12 99 76 31 = 2798928
12 67 45 63 = 2279340
12 62 2 68 = 101184
12 26 20 94 = 586560
12 23 99 71 = 1940004
12 73 75 28 = 1839600
12 10 44 92 = 485760
20 95 63 94 = 11251800
20 26 44 67 = 1532960
20 10 2 89 = 35600
20 12 62 2 = 29760
20 97 45 3 = 261900
20 67 3 51 = 205020
20 99 0 22 = 0
20 26 75 36 = 1404000
95 63 94 39 = 21941010
95 97 20 15 = 2764500
95 26 44 41 = 4455880
95 20 12 62 = 1413600
95 17 35 80 = 4522000
95 10 45 67 = 2864250
95 26 76 75 = 14079000
95 38 33 54 = 6433020
63 94 39 63 = 14550354
63 17 45 94 = 4530330
63 38 75 92 = 16518600
63 95 20 12 = 1436400
63 78 14 4 = 275184
63 26 2 63 = 206388
63 97 44 31 = 8335404
63 40 53 22 = 2938320
94 39 63 8 = 1847664
94 78 35 3 = 769860
94 40 33 36 = 4466880
94 63 95 20 = 11251800
94 78 0 62 = 0
94 38 44 89 = 13987952
94 17 20 67 = 2141320
94 67 78 40 = 19649760
39 63 8 40 = 786240
39 78 14 80 = 3407040
39 67 53 54 = 7478406
39 94 63 95 = 21941010
39 96 61 16 = 3654144
39 40 75 41 = 4797000
39 78 45 15 = 2053350
39 59 36 40 = 3313440
63 8 40 91 = 1834560
63 96 0 4 = 0
63 59 78 22 = 6378372
63 39 94 63 = 14550354
63 83 33 14 = 2415798
63 67 33 92 = 12814956
63 78 35 94 = 16167060
63 54 84 28 = 8001504
8 40 91 66 = 1921920
8 83 61 62 = 2511248
8 54 36 40 = 622080
8 63 39 94 = 1847664
8 14 97 9 = 97776
8 59 53 36 = 900576
8 96 14 3 = 32256
8 70 20 66 = 739200
40 91 66 49 = 11771760
40 14 33 16 = 295680
40 70 84 40 = 9408000
40 8 63 39 = 786240
40 88 34 53 = 6343040
40 54 78 54 = 9097920
40 83 0 80 = 0
40 66 35 33 = 3049200
91 66 49 94 = 27663636
91 88 97 14 = 10874864
91 66 20 28 = 3363360
91 40 8 63 = 1834560
91 34 31 56 = 5371184
91 70 36 22 = 5045040
91 14 61 4 = 310856
91 18 17 13 = 361998
66 49 94 21 = 6383916
66 34 34 9 = 686664
66 18 35 66 = 2744280
66 91 40 8 = 1921920
66 89 33 92 = 17833464
66 66 84 40 = 14636160
66 88 33 62 = 11883168
66 38 12 80 = 2407680
49 89 31 53 = 7165123
49 38 17 33 = 1044582
49 66 91 40 = 11771760
49 18 20 40 = 705600
49 34 97 16 = 2585632
94 63 33 56 = 10943856
94 64 12 13 = 938496
94 49 66 91 = 27663636
94 38 35 28 = 3500560
94 89 34 14 = 3982216
21 72 95 92 = 13214880
21 70 50 80 = 5880000
21 94 49 66 = 6383916
21 64 17 66 = 1507968
21 63 31 9 = 369117
24 55 58 5 = 382800
24 21 78 16 = 628992
24 67 32 24 = 1234944
24 36 53 42 = 1923264
24 21 64 17 = 548352
24 95 56 29 = 3702720
24 26 81 60 = 3032640
55 58 5 66 = 1052700
55 36 17 39 = 1312740
55 26 98 47 = 6586580
55 23 28 96 = 3400320
55 67 70 12 = 3095400
55 21 92 85 = 9032100
55 20 28 99 = 3049200
58 5 66 73 = 1397220
58 23 53 5 = 353510
58 20 81 32 = 3006720
58 9 22 35 = 401940
58 26 32 50 = 2412800
58 36 78 57 = 9283248
58 68 64 3 = 757248
5 66 73 99 = 2384910
5 9 28 42 = 52920
5 68 28 60 = 571200
5 58 55 24 = 382800
5 75 75 31 = 871875
5 20 98 24 = 235200
5 23 17 16 = 31280
5 2 23 45 = 10350
66 73 99 26 = 12401532
66 75 22 96 = 10454400
66 2 64 99 = 836352
66 5 58 55 = 1052700
66 0 31 47 = 0
66 68 81 47 = 17085816
66 9 53 39 = 1227798
66 62 67 2 = 548328
73 99 26 97 = 18226494
73 0 75 35 = 0
73 62 23 3 = 312294
73 66 5 58 = 1397220
73 76 67 55 = 20444380
73 2 28 32 = 130816
73 75 28 5 = 766500
73 12 10 44 = 385440
99 26 97 17 = 4244526
99 76 31 31 = 7230564
99 12 67 45 = 3581820
99 73 66 5 = 2384910
99 44 15 58 = 3789720
99 62 64 60 = 23569920
99 0 22 42 = 0
99 20 26 75 = 3861000
26 97 17 78 = 3344172
26 44 67 47 = 3602456
26 20 10 2 = 10400
26 99 73 66 = 12401532
26 20 94 88 = 4301440
26 12 23 99 = 710424
26 76 75 96 = 14227200
26 95 38 33 = 3097380
97 17 78 78 = 10032516
97 20 15 55 = 1600500
97 95 26 44 = 10541960
97 26 99 73 = 18226494
97 45 3 24 = 314280
97 20 67 3 = 389940
97 44 31 35 = 4630780
97 63 40 53 = 12955320
17 78 78 96 = 9929088
17 45 94 58 = 4170780
17 63 38 75 = 3052350
17 97 26 99 = 4244526
17 35 80 0 = 0
17 95 10 45 = 726750
17 20 67 31 = 706180
17 94 67 78 = 8351148
78 78 96 83 = 48477312
78 35 3 88 = 720720
78 94 40 33 = 9678240
78 17 97 26 = 3344172
78 14 4 17 = 74256
78 63 26 2 = 255528
78 45 15 47 = 2474550
78 39 59 36 = 6461208
78 96 83 14 = 8701056
78 14 80 24 = 2096640
78 39 67 53 = 10802142
78 78 17 97 = 10032516
78 0 62 54 = 0
78 94 38 44 = 12259104
78 35 94 55 = 14114100
78 63 54 84 = 22289904
96 83 14 88 = 9816576
96 0 4 0 = 0
96 63 59 78 = 27832896
96 78 78 17 = 9929088
96 61 16 24 = 2248704
96 39 40 75 = 11232000
96 14 3 58 = 233856
96 8 70 20 = 1075200
83 14 88 34 = 3476704
83 61 62 17 = 5336402
83 8 54 36 = 1290816
83 96 78 78 = 48477312
83 33 14 36 = 1380456
83 63 67 33 = 11561319
83 0 80 88 = 0
83 40 66 35 = 7669200
14 88 34 89 = 3728032
14 33 16 54 = 399168
14 40 70 84 = 3292800
14 83 96 78 = 8701056
14 97 9 29 = 354438
14 8 59 53 = 350224
14 61 4 24 = 81984
14 91 18 17 = 389844
88 34 89 63 = 16776144
88 97 14 24 = 2868096
88 91 66 20 = 10570560
88 14 83 96 = 9816576
88 34 53 85 = 13478960
88 40 54 78 = 14826240
88 33 62 0 = 0
88 66 38 12 = 2648448
34 89 63 72 = 13725936
34 34 9 36 = 374544
34 66 18 35 = 1413720
34 88 14 83 = 3476704
34 31 56 57 = 3364368
34 91 70 36 = 7796880
34 97 16 17 = 897056
34 49 64 50 = 5331200
89 31 53 29 = 4240583
89 49 38 17 = 2817206
89 34 88 14 = 3728032
89 66 66 84 = 32565456
89 34 14 54 = 2287656
63 33 56 85 = 9896040
63 94 64 12 = 4548096
63 89 34 88 = 16776144
63 49 18 20 = 1111320
63 31 9 24 = 421848
72 95 92 57 = 35868960
72 21 70 50 = 5292000
72 63 89 34 = 13725936
72 94 38 35 = 9001440
72 33 53 36 = 4533408
21 36 23 9 = 156492
21 78 16 86 = 2253888
21 24 67 32 = 1080576
21 17 5 48 = 85680
21 72 94 38 = 5400864
21 92 85 54 = 8867880
21 55 20 28 = 646800
36 23 9 75 = 558900
36 17 39 56 = 1336608
36 55 26 98 = 5045040
36 53 42 35 = 2804760
36 24 21 64 = 1161216
36 78 57 17 = 2720952
36 58 68 64 = 9086976
23 9 75 0 = 0
23 53 5 0 = 0
23 58 20 81 = 2161080
23 28 96 71 = 4389504
23 55 67 70 = 5932850
23 17 16 58 = 362848
23 5 2 23 = 5290
9 75 0 76 = 0
9 28 42 48 = 508032
9 5 68 28 = 85680
9 23 36 21 = 156492
9 22 35 89 = 616770
9 58 26 32 = 434304
9 53 39 86 = 1599858
9 66 62 67 = 2467476
75 0 76 44 = 0
75 22 96 35 = 5544000
75 66 2 64 = 633600
75 9 23 36 = 558900
75 75 31 7 = 1220625
75 5 20 98 = 735000
75 28 5 56 = 588000
75 73 12 10 = 657000
0 76 44 20 = 0
0 75 35 71 = 0
0 73 62 23 = 0
0 75 9 23 = 0
0 31 47 5 = 0
0 66 68 81 = 0
0 22 42 0 = 0
0 99 20 26 = 0
76 44 20 45 = 3009600
76 31 31 89 = 6500204
76 99 12 67 = 6049296
76 0 75 9 = 0
76 67 55 44 = 12322640
76 73 2 28 = 310688
76 75 96 48 = 26265600
76 26 95 38 = 7133360
44 20 45 35 = 1386000
44 67 47 7 = 969892
44 26 20 10 = 228800
44 76 0 75 = 0
44 15 58 44 = 1684320
44 99 62 64 = 17284608
44 31 35 35 = 1670900
44 97 63 40 = 10755360
20 45 35 14 = 441000
20 15 55 5 = 82500
20 97 95 26 = 4791800
20 44 76 0 = 0
20 94 88 37 = 6121280
20 26 12 23 = 143520
20 67 31 71 = 2949340
20 17 94 67 = 2141320
45 35 14 0 = 0
45 94 58 44 = 10794960
45 17 63 38 = 1831410
45 20 44 76 = 3009600
45 3 24 44 = 142560
45 97 20 67 = 5849100
45 15 47 89 = 2823525
45 78 39 59 = 8076510
35 14 0 61 = 0
35 3 88 44 = 406560
35 78 94 40 = 10264800
35 45 20 44 = 1386000
35 80 0 60 = 0
35 17 95 10 = 565250
35 94 55 7 = 1266650
35 78 63 54 = 9287460
14 0 61 33 = 0
14 80 24 37 = 994560
14 78 39 67 = 2853396
14 35 45 20 = 441000
14 4 17 21 = 19992
14 78 63 26 = 1788696
14 3 58 5 = 12180
14 96 8 70 = 752640
0 61 33 97 = 0
0 4 0 44 = 0
0 96 63 59 = 0
0 14 35 45 = 0
0 62 54 58 = 0
0 78 94 38 = 0
0 80 88 44 = 0
0 83 40 66 = 0
61 33 97 34 = 6638874
61 62 17 60 = 3857640
61 83 8 54 = 2187216
61 0 14 35 = 0
61 16 24 51 = 1194624
61 96 39 40 = 9135360
61 4 24 44 = 257664
61 14 91 18 = 1398852
33 97 34 31 = 3373854
33 16 54 21 = 598752
33 14 40 70 = 1293600
33 61 0 14 = 0
33 14 36 54 = 898128
33 83 63 67 = 11561319
33 62 0 37 = 0
33 88 66 38 = 7283232
97 34 31 33 = 3373854
97 14 24 58 = 1890336
97 88 91 66 = 51267216
97 33 61 0 = 0
97 9 29 17 = 430389
97 14 8 59 = 640976
97 16 17 44 = 1160896
97 34 49 64 = 10342528
34 31 33 95 = 3304290
34 9 36 51 = 561816
34 34 66 18 = 1373328
34 97 33 61 = 6638874
34 53 85 58 = 8883860
34 88 40 54 = 6462720
34 14 54 60 = 1542240
34 89 94 70 = 19911080
31 53 29 54 = 2572938
31 89 49 38 = 5137258
31 34 97 33 = 3373854
31 34 91 70 = 6713980
31 9 24 21 = 140616
33 56 85 17 = 2670360
33 63 94 64 = 12507264
33 31 34 97 = 3373854
33 89 66 66 = 12793572
33 53 36 58 = 3651912
95 92 57 58 = 28894440
95 72 21 70 = 10054800
95 33 31 34 = 3304290
95 63 49 18 = 5278770
95 56 29 51 = 7868280
78 17 53 28 = 1967784
78 16 86 19 = 2039232
78 21 24 67 = 2633904
78 39 0 68 = 0
78 95 63 49 = 22874670
78 57 17 89 = 6726798
78 36 58 68 = 11074752
17 53 28 22 = 555016
17 39 56 80 = 2970240
17 36 55 26 = 875160
17 5 48 5 = 20400
17 21 72 94 = 2416176
17 16 58 55 = 867680
17 23 5 2 = 3910
53 28 22 75 = 2448600
53 5 0 81 = 0
53 23 58 20 = 1414040
53 42 35 94 = 7323540
53 36 24 21 = 961632
53 39 86 40 = 7110480
53 9 66 62 = 1951884
28 22 75 31 = 1432200
28 42 48 68 = 3838464
28 9 5 68 = 85680
28 53 17 78 = 1967784
28 96 71 47 = 8969856
28 23 55 67 = 2373140
28 5 56 19 = 148960
28 75 73 12 = 1839600
22 75 31 67 = 3427050
22 96 35 5 = 369600
22 75 66 2 = 217800
22 28 53 17 = 555016
22 35 89 69 = 4728570
22 9 58 26 = 298584
22 42 0 80 = 0
22 0 99 20 = 0
75 31 67 15 = 2336625
75 35 71 94 = 17519250
75 0 73 62 = 0
75 22 28 53 = 2448600
75 31 7 28 = 455700
75 75 5 20 = 562500
75 96 48 81 = 27993600
75 76 26 95 = 14079000
31 67 15 94 = 2928570
31 31 89 47 = 4019863
31 76 99 12 = 2798928
31 75 22 28 = 1432200
31 47 5 73 = 531805
31 0 66 68 = 0
31 35 35 68 = 2582300
31 44 97 63 = 8335404
67 15 94 3 = 283410
67 47 7 69 = 1520967
67 44 26 20 = 1532960
67 31 75 22 = 3427050
67 55 44 92 = 14916880
67 76 73 2 = 743432
67 31 71 5 = 737335
67 20 17 94 = 2141320
15 94 3 80 = 338400
15 55 5 28 = 115500
15 20 97 95 = 2764500
15 67 31 75 = 2336625
15 58 44 13 = 497640
15 44 99 62 = 4051080
15 47 89 94 = 5898030
15 45 78 39 = 2053350
94 3 80 4 = 90240
94 58 44 73 = 17511824
94 45 17 63 = 4530330
94 15 67 31 = 2928570
94 88 37 86 = 26321504
94 20 26 12 = 586560
94 55 7 47 = 1700930
94 35 78 63 = 16167060
3 80 4 62 = 59520
3 88 44 92 = 1068672
3 35 78 94 = 769860
3 94 15 67 = 283410
3 24 44 52 = 164736
3 45 97 20 = 261900
3 58 5 69 = 60030
3 14 96 8 = 32256
80 4 62 16 = 317440
80 24 37 13 = 923520
80 14 78 39 = 3407040
80 3 94 15 = 338400
80 0 60 17 = 0
80 35 17 95 = 4522000
80 88 44 28 = 8673280
80 0 83 40 = 0
4 62 16 14 = 55552
4 0 44 86 = 0
4 0 96 63 = 0
4 80 3 94 = 90240
4 17 21 77 = 109956
4 14 78 63 = 275184
4 24 44 73 = 308352
4 61 14 91 = 310856
62 16 14 9 = 124992
62 17 60 52 = 3288480
62 61 83 8 = 2511248
62 4 80 3 = 59520
62 54 58 4 = 776736
62 0 78 94 = 0
62 0 37 92 = 0
62 33 88 66 = 11883168
16 14 9 53 = 106848
16 54 21 17 = 308448
16 33 14 40 = 295680
16 62 4 80 = 317440
16 24 51 89 = 1742976
16 61 96 39 = 3654144
16 17 44 13 = 155584
16 97 34 49 = 2585632
14 9 53 56 = 373968
14 24 58 77 = 1500576
14 97 88 91 = 10874864
14 16 62 4 = 55552
14 36 54 55 = 1496880
14 33 83 63 = 2415798
14 54 60 86 = 3900960
14 34 89 94 = 3982216
9 53 56 92 = 2457504
9 36 51 4 = 66096
9 34 34 66 = 686664
9 14 16 62 = 124992
9 29 17 40 = 177480
9 97 14 8 = 97776
9 24 21 52 = 235872
9 31 63 21 = 369117
53 29 54 89 = 7386822
53 31 89 49 = 7165123
53 9 14 16 = 106848
53 34 88 40 = 6343040
53 36 58 17 = 1881288
56 85 17 55 = 4450600
56 33 63 94 = 10943856
56 53 9 14 = 373968
56 31 34 91 = 5371184
56 29 51 77 = 6377448
92 57 58 40 = 12166080
92 95 72 21 = 13214880
92 56 53 9 = 2457504
92 33 89 66 = 17833464
92 85 54 4 = 1689120
16 39 5 42 = 131040
16 86 19 4 = 104576
16 78 21 24 = 628992
16 56 81 83 = 6023808
16 92 33 89 = 4323264
16 58 55 27 = 1378080
16 17 23 5 = 31280
39 5 42 96 = 786240
39 56 80 52 = 9085440
39 17 36 55 = 1312740
39 0 68 97 = 0
39 78 95 63 = 18206370
39 86 40 98 = 13147680
39 53 9 66 = 1227798
5 42 96 35 = 705600
5 0 81 8 = 0
5 53 23 58 = 353510
5 48 5 35 = 42000
5 17 21 72 = 128520
5 56 19 66 = 351120
5 28 75 73 = 766500
42 96 35 31 = 4374720
42 48 68 83 = 11378304
42 28 9 5 = 52920
42 5 39 16 = 131040
42 35 94 99 = 13679820
42 53 36 24 = 1923264
42 0 80 4 = 0
42 22 0 99 = 0
96 35 31 47 = 4895520
96 35 5 97 = 1629600
96 22 75 66 = 10454400
96 42 5 39 = 786240
96 71 47 16 = 5125632
96 28 23 55 = 3400320
96 48 81 52 = 19408896
96 75 76 26 = 14227200
35 31 47 55 = 2804725
35 71 94 35 = 8175650
35 75 0 73 = 0
35 96 42 5 = 705600
35 89 69 7 = 1504545
35 22 9 58 = 401940
35 35 68 8 = 666400
35 31 44 97 = 4630780
31 47 55 58 = 4647830
31 89 47 99 = 12837627
31 31 76 99 = 7230564
31 35 96 42 = 4374720
31 7 28 97 = 589372
31 75 75 5 = 871875
31 71 5 83 = 913415
31 67 20 17 = 706180
47 55 58 88 = 13193840
47 7 69 16 = 363216
47 67 44 26 = 3602456
47 31 35 96 = 4895520
47 5 73 57 = 977835
47 31 0 66 = 0
47 89 94 97 = 38140594
47 15 45 78 = 2474550
55 58 88 24 = 6737280
55 5 28 7 = 53900
55 15 20 97 = 1600500
55 47 31 35 = 2804725
55 44 92 32 = 7124480
55 67 76 73 = 20444380
55 7 47 35 = 633325
55 94 35 78 = 14114100
58 88 24 0 = 0
58 44 73 97 = 18070712
58 94 45 17 = 4170780
58 55 47 31 = 4647830
58 44 13 16 = 530816
58 15 44 99 = 3789720
58 5 69 99 = 1980990
58 3 14 96 = 233856
88 24 0 17 = 0
88 44 92 57 = 20304768
88 3 35 78 = 720720
88 58 55 47 = 13193840
88 37 86 26 = 7280416
88 94 20 26 = 4301440
88 44 28 16 = 1734656
88 80 0 83 = 0
24 0 17 54 = 0
24 37 13 32 = 369408
24 80 14 78 = 2096640
24 88 58 55 = 6737280
24 44 52 26 = 1427712
24 3 45 97 = 314280
24 44 73 7 = 539616
24 4 61 14 = 81984
0 17 54 24 = 0
0 44 86 16 = 0
0 4 0 96 = 0
0 24 88 58 = 0
0 60 17 79 = 0
0 80 35 17 = 0
0 37 92 97 = 0
0 62 33 88 = 0
17 54 24 36 = 793152
17 60 52 26 = 1379040
17 62 61 83 = 5336402
17 0 24 88 = 0
17 21 77 33 = 907137
17 4 14 78 = 74256
17 44 13 57 = 554268
17 16 97 34 = 897056
54 24 36 29 = 1353024
54 21 17 26 = 501228
54 16 33 14 = 399168
54 17 0 24 = 0
54 58 4 27 = 338256
54 62 0 78 = 0
54 60 86 32 = 8916480
54 14 34 89 = 2287656
24 36 29 85 = 2129760
24 58 77 79 = 8467536
24 14 97 88 = 2868096
24 54 17 0 = 0
24 51 89 98 = 10675728
24 16 61 96 = 2248704
24 21 52 16 = 419328
24 9 31 63 = 421848
36 29 85 57 = 5058180
36 51 4 33 = 242352
36 9 34 34 = 374544
36 24 54 17 = 793152
36 54 55 66 = 7056720
36 14 33 83 = 1380456
36 58 17 26 = 922896
36 53 33 72 = 4533408
29 54 89 27 = 3763098
29 53 31 89 = 4240583
29 36 24 54 = 1353024
29 9 97 14 = 354438
29 51 77 26 = 2960958
85 17 55 98 = 7788550
85 56 33 63 = 9896040
85 29 36 24 = 2129760
85 53 34 88 = 13478960
85 54 4 79 = 1450440
57 58 40 66 = 8727840
57 92 95 72 = 35868960
57 85 29 36 = 5058180
57 56 31 34 = 3364368
57 17 89 33 = 2845953
86 56 0 48 = 0
86 19 4 88 = 575168
86 16 78 21 = 2253888
86 80 8 87 = 4788480
86 57 56 31 = 8509872
86 40 98 93 = 31352160
86 39 53 9 = 1599858
56 0 48 35 = 0
56 80 52 36 = 8386560
56 39 17 36 = 1336608
56 81 83 57 = 21459816
56 16 92 33 = 2720256
56 19 66 53 = 3721872
56 5 28 75 = 588000
0 48 35 71 = 0
0 81 8 68 = 0
0 5 53 23 = 0
0 68 97 62 = 0
0 39 78 95 = 0
0 80 4 69 = 0
0 42 22 0 = 0
48 35 71 89 = 10615920
48 68 83 87 = 23569344
48 42 28 9 = 508032
48 0 56 86 = 0
48 5 35 20 = 168000
48 5 17 21 = 85680
48 81 52 88 = 17791488
48 96 75 76 = 26265600
35 71 89 7 = 1548155
35 5 97 57 = 967575
35 96 22 75 = 5544000
35 48 0 56 = 0
35 94 99 72 = 23451120
35 42 53 36 = 2804760
35 68 8 36 = 685440
35 35 31 44 = 1670900
71 89 7 5 = 221165
71 94 35 62 = 14482580
71 35 75 0 = 0
71 35 48 0 = 0
71 47 16 3 = 160176
71 96 28 23 = 4389504
71 5 83 68 = 2003620
71 31 67 20 = 2949340
89 7 5 44 = 137060
89 47 99 20 = 8282340
89 31 31 76 = 6500204
89 71 35 48 = 10615920
89 69 7 46 = 1977402
89 35 22 9 = 616770
89 94 97 87 = 70600674

70600674
89 47 15 45 = 2823525
7 5 44 44 = 67760
7 69 16 72 = 556416
7 47 67 44 = 969892
7 89 71 35 = 1548155
7 28 97 33 = 627396
7 31 75 75 = 1220625
7 47 35 57 = 656355
7 55 94 35 = 1266650
5 44 44 37 = 358160
5 28 7 3 = 2940
5 55 15 20 = 82500
5 7 89 71 = 221165
5 73 57 67 = 1393935
5 47 31 0 = 0
5 69 99 62 = 2117610
5 58 3 14 = 12180
44 44 37 44 = 3151808
44 73 97 46 = 14331944
44 58 94 45 = 10794960
44 5 7 89 = 137060
44 92 32 46 = 5958656
44 55 67 76 = 12322640
44 28 16 20 = 394240
44 88 80 0 = 0
44 37 44 60 = 4297920
44 92 57 33 = 7614288
44 88 3 35 = 406560
44 44 5 7 = 67760
44 13 16 55 = 503360
44 58 15 44 = 1684320
44 73 7 72 = 1618848
44 24 4 61 = 257664
37 44 60 21 = 2051280
37 13 32 67 = 1031264
37 24 80 14 = 994560
37 44 44 5 = 358160
37 86 26 12 = 992784
37 88 94 20 = 6121280
37 92 97 3 = 990564
37 0 62 33 = 0
44 60 21 58 = 3215520
44 86 16 46 = 2785024
44 0 4 0 = 0
44 37 44 44 = 3151808
44 52 26 32 = 1903616
44 24 3 45 = 142560
44 13 57 46 = 1499784
44 17 16 97 = 1160896
60 21 58 51 = 3727080
60 52 26 55 = 4461600
60 17 62 61 = 3857640
60 44 37 44 = 4297920
60 17 79 63 = 5076540
60 0 80 35 = 0
60 86 32 33 = 5448960
60 54 14 34 = 1542240
21 58 51 54 = 3354372
21 17 26 12 = 111384
21 54 16 33 = 598752
21 60 44 37 = 2051280
21 77 33 93 = 4962573
21 17 4 14 = 19992
21 52 16 67 = 1170624
21 24 9 31 = 140616
58 51 54 17 = 2715444
58 77 79 32 = 11290048
58 24 14 97 = 1890336
58 21 60 44 = 3215520
58 4 27 53 = 331992
58 54 62 0 = 0
58 17 26 46 = 1179256
58 36 53 33 = 3651912
51 54 17 58 = 2715444
51 4 33 63 = 424116
51 36 9 34 = 561816
51 58 21 60 = 3727080
51 89 98 69 = 30692718
51 24 16 61 = 1194624
51 77 26 55 = 5615610
51 29 56 95 = 7868280
54 89 27 93 = 12067866
54 29 53 31 = 2572938
54 51 58 21 = 3354372
54 36 14 33 = 898128
54 4 79 12 = 204768
17 55 98 53 = 4856390
17 85 56 33 = 2670360
17 54 51 58 = 2715444
17 29 9 97 = 430389
17 89 33 32 = 1597728
58 40 66 69 = 10565280
58 57 92 95 = 28894440
58 17 54 51 = 2715444
58 85 53 34 = 8883860
58 55 27 63 = 5426190
19 80 81 68 = 8372160
19 4 88 4 = 26752
19 86 16 78 = 2039232
19 52 68 73 = 4904432
19 58 85 53 = 4964510
19 66 53 62 = 4120644
19 56 5 28 = 148960
80 81 68 5 = 2203200
80 52 36 42 = 6289920
80 56 39 17 = 2970240
80 8 87 38 = 2115840
80 86 57 56 = 21960960
80 4 69 76 = 1678080
80 0 42 22 = 0
81 68 5 94 = 2588760
81 8 68 16 = 705024
81 0 5 53 = 0
81 83 57 25 = 9580275
81 56 16 92 = 6676992
81 52 88 36 = 13343616
81 48 96 75 = 27993600
68 5 94 47 = 1502120
68 83 87 73 = 35845044
68 48 42 28 = 3838464
68 81 80 19 = 8372160
68 97 62 39 = 15949128
68 0 39 78 = 0
68 8 36 4 = 78336
68 35 35 31 = 2582300
5 94 47 69 = 1524210
5 97 57 38 = 1050510
5 35 96 22 = 369600
5 68 81 80 = 2203200
5 35 20 11 = 38500
5 48 5 17 = 20400
5 83 68 42 = 1185240
5 71 31 67 = 737335
94 47 69 28 = 8535576
94 35 62 25 = 5099500
94 71 35 75 = 17519250
94 5 68 81 = 2588760
94 99 72 24 = 16080768
94 35 42 53 = 7323540
94 97 87 16 = 12692256
94 89 47 15 = 5898030
47 69 28 73 = 6628692
47 99 20 39 = 3629340
47 89 31 31 = 4019863
47 94 5 68 = 1502120
47 16 3 94 = 212064
47 71 96 28 = 8969856
47 35 57 73 = 6844845
47 7 55 94 = 1700930
69 28 73 92 = 12975312
69 16 72 11 = 874368
69 7 47 67 = 1520967
69 47 94 5 = 1524210
69 7 46 72 = 1599696
69 89 35 22 = 4728570
69 99 62 38 = 16093836
69 5 58 3 = 60030
28 73 92 13 = 2444624
28 7 3 24 = 14112
28 5 55 15 = 115500
28 69 47 94 = 8535576
28 97 33 18 = 1613304
28 7 31 75 = 455700
28 16 20 25 = 224000
28 44 88 80 = 8673280
73 92 13 86 = 7508488
73 97 46 94 = 30618244
73 44 58 94 = 17511824
73 28 69 47 = 6628692
73 57 67 8 = 2230296
73 5 47 31 = 531805
73 7 72 39 = 1434888
73 44 24 4 = 308352
92 13 86 52 = 5348512
92 57 33 72 = 12459744
92 44 88 3 = 1068672
92 73 28 69 = 12975312
92 32 46 46 = 6229504
92 44 55 67 = 14916880
92 97 3 11 = 294492
92 37 0 62 = 0
13 86 52 17 = 988312
13 32 67 18 = 501696
13 37 24 80 = 923520
13 92 73 28 = 2444624
13 16 55 29 = 331760
13 44 58 15 = 497640
13 57 46 24 = 818064
13 44 17 16 = 155584
86 52 17 77 = 5853848
86 16 46 8 = 506368
86 44 0 4 = 0
86 13 92 73 = 7508488
86 26 12 32 = 858624
86 37 88 94 = 26321504
86 32 33 94 = 8536704
86 60 54 14 = 3900960
52 17 77 4 = 272272
52 26 55 46 = 3420560
52 60 17 62 = 3288480
52 86 13 92 = 5348512
52 26 32 40 = 1730560
52 44 24 3 = 164736
52 16 67 72 = 4013568
52 21 24 9 = 235872
17 77 4 89 = 466004
17 26 12 29 = 153816
17 21 54 16 = 308448
17 52 86 13 = 988312
17 79 63 62 = 5245758
17 60 0 80 = 0
17 26 46 18 = 365976
17 58 36 53 = 1881288
77 4 89 55 = 1507660
77 79 32 32 = 6228992
77 58 24 14 = 1500576
77 17 52 86 = 5853848
77 33 93 76 = 17959788
77 21 17 4 = 109956
77 26 55 8 = 880880
77 51 29 56 = 6377448
4 89 55 40 = 783200
4 33 63 40 = 332640
4 51 36 9 = 66096
4 77 17 52 = 272272
4 27 53 36 = 206064
4 58 54 62 = 776736
4 79 12 46 = 174432
4 54 85 92 = 1689120
89 27 93 62 = 13855698
89 54 29 53 = 7386822
89 4 77 17 = 466004
89 51 24 16 = 1742976
89 33 32 29 = 2725536
55 98 53 76 = 21710920
55 17 85 56 = 4450600
55 89 4 77 = 1507660
55 54 36 14 = 1496880
55 27 63 32 = 2993760
40 66 69 36 = 6557760
40 58 57 92 = 12166080
40 55 89 4 = 783200
40 17 29 9 = 177480
40 98 93 40 = 14582400
4 52 8 83 = 138112
4 88 4 20 = 28160
4 19 86 16 = 104576
4 36 16 41 = 94464
4 40 17 29 = 78880
4 69 76 4 = 83904
4 80 0 42 = 0
52 8 83 97 = 3349216
52 36 42 69 = 5425056
52 80 56 39 = 9085440
52 68 73 72 = 18585216
52 19 58 85 = 4870840
52 88 36 36 = 5930496
52 81 48 96 = 19408896
8 83 97 35 = 2254280
8 68 16 36 = 313344
8 81 0 5 = 0
8 87 38 30 = 793440
8 80 86 57 = 3137280
8 36 4 16 = 18432
8 68 35 35 = 666400
83 97 35 99 = 27896715
83 87 73 41 = 21612453
83 68 48 42 = 11378304
83 8 52 4 = 138112
83 57 25 23 = 2720325
83 81 56 16 = 6023808
83 68 42 20 = 4740960
83 5 71 31 = 913415
97 35 99 16 = 5377680
97 57 38 72 = 15127344
97 5 35 96 = 1629600
97 83 8 52 = 3349216
97 62 39 88 = 20640048
97 68 0 39 = 0
97 87 16 69 = 9316656
97 94 89 47 = 38140594
35 99 16 7 = 388080
35 62 25 30 = 1627500
35 94 71 35 = 8175650
35 97 83 8 = 2254280
35 20 11 34 = 261800
35 5 48 5 = 42000
35 57 73 36 = 5242860
35 47 7 55 = 633325
99 16 7 97 = 1075536
99 20 39 23 = 1776060
99 47 89 31 = 12837627
99 35 97 83 = 27896715
99 72 24 62 = 10606464
99 94 35 42 = 13679820
99 62 38 41 = 9563004
99 69 5 58 = 1980990
16 7 97 57 = 619248
16 72 11 88 = 1115136
16 69 7 47 = 363216
16 99 35 97 = 5377680
16 3 94 99 = 446688
16 47 71 96 = 5125632
16 20 25 72 = 576000
16 28 44 88 = 1734656
7 97 57 32 = 1238496
7 3 24 34 = 17136
7 28 5 55 = 53900
7 16 99 35 = 388080
7 46 72 69 = 1599696
7 69 89 35 = 1504545
7 72 39 30 = 589680
7 73 44 24 = 539616
97 57 32 16 = 2830848
97 46 94 62 = 26004536
97 73 44 58 = 18070712
97 7 16 99 = 1075536
97 33 18 82 = 4724676
97 28 7 31 = 589372
97 3 11 23 = 73623
97 92 37 0 = 0
57 32 16 26 = 758784
57 33 72 99 = 13407768
57 92 44 88 = 20304768
57 97 7 16 = 619248
57 67 8 67 = 2046984
57 73 5 47 = 977835
57 46 24 88 = 5537664
57 13 44 17 = 554268
32 16 26 26 = 346112
32 67 18 69 = 2662848
32 13 37 24 = 369408
32 57 97 7 = 1238496
32 46 46 59 = 3995008
32 92 44 55 = 7124480
32 33 94 34 = 3374976
32 86 60 54 = 8916480
16 26 26 79 = 854464
16 46 8 82 = 482816
16 86 44 0 = 0
16 32 57 97 = 2830848
16 55 29 85 = 2169200
16 13 44 58 = 530816
16 67 72 62 = 4785408
16 52 21 24 = 419328
26 26 79 33 = 1762332
26 55 46 67 = 4407260
26 52 60 17 = 1379040
26 16 32 57 = 758784
26 12 32 74 = 738816
26 86 37 88 = 7280416
26 46 18 99 = 2131272
26 17 58 36 = 922896
26 79 33 27 = 1830114
26 12 29 59 = 533832
26 17 21 54 = 501228
26 26 16 32 = 346112
26 32 40 4 = 133120
26 52 44 24 = 1427712
26 55 8 69 = 789360
26 77 51 29 = 2960958
79 33 27 98 = 6898122
79 32 32 85 = 6876160
79 77 58 24 = 8467536
79 26 26 16 = 854464
79 63 62 36 = 11108664
79 17 60 0 = 0
79 12 46 82 = 3575856
79 4 54 85 = 1450440
33 27 98 66 = 5762988
33 63 40 74 = 6153840
33 4 51 36 = 242352
33 79 26 26 = 1762332
33 93 76 16 = 3731904
33 77 21 17 = 907137
33 32 29 67 = 2051808
33 89 17 57 = 2845953
27 93 62 4 = 622728
27 89 54 29 = 3763098
27 33 79 26 = 1830114
27 4 58 54 = 338256
27 63 32 59 = 3211488
98 53 76 36 = 14210784
98 55 17 85 = 7788550
98 27 33 79 = 6898122
98 89 51 24 = 10675728
98 93 40 85 = 30987600
66 69 36 16 = 2623104
66 40 58 57 = 8727840
66 98 27 33 = 5762988
66 55 54 36 = 7056720
66 53 62 74 = 16048824
88 36 68 87 = 18741888
88 4 20 20 = 140800
88 4 19 86 = 575168
88 42 36 29 = 3858624
88 66 55 54 = 17249760
88 36 36 57 = 6500736
88 52 81 48 = 17791488
36 68 87 57 = 12139632
36 42 69 73 = 7615944
36 52 80 56 = 8386560
36 16 41 78 = 1842048
36 4 40 17 = 97920
36 4 16 5 = 11520
36 8 68 35 = 685440
68 87 57 62 = 20907144
68 16 36 35 = 1370880
68 8 81 0 = 0
68 73 72 31 = 11079648
68 52 19 58 = 3896672
68 42 20 54 = 3084480
68 83 5 71 = 2003620
87 57 62 20 = 6149160
87 73 41 29 = 7551339
87 83 68 48 = 23569344
87 68 36 88 = 18741888
87 38 30 90 = 8926200
87 8 80 86 = 4788480
87 16 69 20 = 1920960
87 97 94 89 = 70600674
57 62 20 72 = 5088960
57 38 72 78 = 12164256
57 97 5 35 = 967575
57 87 68 36 = 12139632
57 25 23 1 = 32775
57 83 81 56 = 21459816
57 73 36 73 = 10935108
57 35 47 7 = 656355
62 20 72 3 = 267840
62 25 30 31 = 1441500
62 35 94 71 = 14482580
62 57 87 68 = 20907144
62 39 88 74 = 15746016
62 97 68 0 = 0
62 38 41 35 = 3380860
62 99 69 5 = 2117610
20 72 3 46 = 198720
20 39 23 90 = 1614600
20 99 47 89 = 8282340
20 62 57 87 = 6149160
20 11 34 31 = 231880
20 35 5 48 = 168000
20 25 72 29 = 1044000
20 16 28 44 = 394240
72 3 46 33 = 327888
72 11 88 1 = 69696
72 16 69 7 = 556416
72 20 62 57 = 5088960
72 24 62 49 = 5249664
72 99 94 35 = 23451120
72 39 30 78 = 6570720
72 7 73 44 = 1618848
3 46 33 67 = 305118
3 24 34 74 = 181152
3 7 28 5 = 2940
3 72 20 62 = 267840
3 94 99 71 = 1982178
3 16 47 71 = 160176
3 11 23 31 = 23529
3 97 92 37 = 990564
46 33 67 46 = 4678476
46 94 62 31 = 8310728
46 97 73 44 = 14331944
46 3 72 20 = 198720
46 72 69 48 = 10969344
46 7 69 89 = 1977402
46 24 88 90 = 8743680
46 57 13 44 = 1499784
33 67 46 55 = 5593830
33 72 99 49 = 11525976
33 57 92 44 = 7614288
33 46 3 72 = 327888
33 18 82 86 = 4188888
33 97 28 7 = 627396
33 94 34 1 = 105468
33 32 86 60 = 5448960
67 46 55 12 = 2034120
67 18 69 71 = 5908194
67 32 13 37 = 1031264
67 33 46 3 = 305118
67 8 67 81 = 2908872
67 57 73 5 = 1393935
67 72 62 74 = 22132512
67 16 52 21 = 1170624
46 55 12 32 = 971520
46 8 82 48 = 1448448
46 16 86 44 = 2785024
46 67 33 46 = 4678476
46 46 59 16 = 1997504
46 32 92 44 = 5958656
46 18 99 31 = 2541132
46 26 17 58 = 1179256
55 12 32 63 = 1330560
55 46 67 86 = 14577860
55 26 52 60 = 4461600
55 46 67 33 = 5593830
55 29 85 23 = 3118225
55 16 13 44 = 503360
55 8 69 49 = 1487640
55 26 77 51 = 5615610
12 32 63 93 = 2249856
12 29 59 81 = 1663092
12 26 17 21 = 111384
12 55 46 67 = 2034120
12 32 74 57 = 1619712
12 26 86 37 = 992784
12 46 82 71 = 3213744
12 79 4 54 = 204768
32 63 93 53 = 9936864
32 32 85 16 = 1392640
32 79 77 58 = 11290048
32 12 55 46 = 971520
32 40 4 5 = 25600
32 26 52 44 = 1903616
32 29 67 48 = 2984448
32 33 89 17 = 1597728
63 93 53 69 = 21426363
63 40 74 23 = 4289040
63 33 4 51 = 424116
63 32 12 55 = 1330560
63 62 36 54 = 7593264
63 79 17 60 = 5076540
63 32 59 86 = 10229184
63 27 55 58 = 5426190
93 62 4 57 = 1314648
93 27 89 54 = 12067866
93 63 32 12 = 2249856
93 33 77 21 = 4962573
93 40 85 81 = 25612200
53 76 36 5 = 725040
53 98 55 17 = 4856390
53 93 63 32 = 9936864
53 27 4 58 = 331992
53 62 74 16 = 3890624
69 36 16 54 = 2146176
69 66 40 58 = 10565280
69 53 93 63 = 21426363
69 98 89 51 = 30692718
69 76 4 23 = 482448
4 42 16 73 = 196224
4 20 20 1 = 1600
4 88 4 19 = 26752
4 69 35 71 = 685860
4 69 98 89 = 2407272
4 16 5 19 = 6080
4 36 8 68 = 78336
42 16 73 38 = 1864128
42 69 73 70 = 14808780
42 36 52 80 = 6289920
42 36 29 83 = 3639384
42 88 66 55 = 13416480
42 20 54 67 = 3039120
42 68 83 5 = 1185240
16 73 38 25 = 1109600
16 36 35 54 = 1088640
16 68 8 81 = 705024
16 41 78 51 = 2609568
16 36 4 40 = 92160
16 69 20 48 = 1059840
16 87 97 94 = 12692256
73 38 25 39 = 2704650
73 41 29 71 = 6162587
73 87 83 68 = 35845044
73 16 42 4 = 196224
73 72 31 54 = 8798544
73 68 52 19 = 4904432
73 36 73 1 = 191844
73 57 35 47 = 6844845
38 25 39 11 = 407550
38 72 78 83 = 17712864
38 57 97 5 = 1050510
38 73 16 42 = 1864128
38 30 90 69 = 7079400
38 87 8 80 = 2115840
38 41 35 70 = 3817100
38 62 99 69 = 16093836
25 39 11 24 = 257400
25 30 31 51 = 1185750
25 62 35 94 = 5099500
25 38 73 16 = 1109600
25 23 1 16 = 9200
25 57 83 81 = 9580275
25 72 29 54 = 2818800
25 20 16 28 = 224000
39 11 24 94 = 967824
39 23 90 54 = 4359420
39 20 99 47 = 3629340
39 25 38 73 = 2704650
39 88 74 92 = 23365056
39 62 97 68 = 15949128
39 30 78 71 = 6479460
39 72 7 73 = 1434888
11 24 94 72 = 1786752
11 88 1 69 = 66792
11 72 16 69 = 874368
11 39 25 38 = 407550
11 34 31 33 = 382602
11 20 35 5 = 38500
11 23 31 83 = 650969
11 3 97 92 = 294492
24 94 72 18 = 2923776
24 34 74 16 = 966144
24 3 7 28 = 14112
24 11 39 25 = 257400
24 62 49 48 = 3499776
24 72 99 94 = 16080768
24 88 90 51 = 9694080
24 46 57 13 = 818064
94 72 18 8 = 974592
94 62 31 92 = 16621456
94 46 97 73 = 30618244
94 24 11 39 = 967824
94 99 71 61 = 40304286
94 3 16 47 = 212064
94 34 1 54 = 172584
94 33 32 86 = 8536704
72 18 8 46 = 476928
72 99 49 33 = 11525976
72 33 57 92 = 12459744
72 94 24 11 = 1786752
72 69 48 43 = 10253952
72 46 7 69 = 1599696
72 62 74 69 = 22793184
72 67 16 52 = 4013568
18 8 46 29 = 192096
18 69 71 48 = 4232736
18 67 32 13 = 501696
18 72 94 24 = 2923776
18 82 86 52 = 6600672
18 33 97 28 = 1613304
18 99 31 16 = 883872
18 46 26 17 = 365976
8 46 29 32 = 341504
8 82 48 61 = 1920768
8 46 16 86 = 506368
8 18 72 94 = 974592
8 67 81 1 = 43416
8 67 57 73 = 2230296
8 69 49 92 = 2488416
8 55 26 77 = 880880
46 29 32 40 = 1707520
46 67 86 43 = 11397236
46 55 26 52 = 3420560
46 8 18 72 = 476928
46 59 16 89 = 3864736
46 46 32 92 = 6229504
46 82 71 33 = 8837796
46 12 79 4 = 174432
29 32 40 62 = 2301440
29 59 81 52 = 7206732
29 12 26 17 = 153816
29 46 8 18 = 192096
29 85 23 19 = 1077205
29 55 16 13 = 331760
29 67 48 48 = 4476672
29 32 33 89 = 2725536
32 40 62 76 = 6031360
32 85 16 1 = 43520
32 32 79 77 = 6228992
32 29 46 8 = 341504
32 74 57 67 = 9043392
32 12 26 86 = 858624
32 59 86 61 = 9904448
32 63 27 55 = 2993760
40 62 76 36 = 6785280
40 74 23 89 = 6059120
40 63 33 4 = 332640
40 32 29 46 = 1707520
40 4 5 48 = 38400
40 32 26 52 = 1730560
40 85 81 43 = 11842200
40 93 98 40 = 14582400
62 4 57 19 = 268584
62 93 27 89 = 13855698
62 40 32 29 = 2301440
62 63 79 17 = 5245758
62 74 16 52 = 3817216
76 36 5 67 = 916560
76 53 98 55 = 21710920
76 62 40 32 = 6031360
76 93 33 77 = 17959788
76 4 23 1 = 6992
36 16 54 48 = 1492992
36 69 66 40 = 6557760
36 76 62 40 = 6785280
36 53 27 4 = 206064
36 36 57 89 = 6574608
20 69 36 41 = 2036880
20 4 88 4 = 28160
20 36 53 27 = 1030320
20 42 68 83 = 4740960
69 36 41 72 = 7332768
69 42 36 52 = 5425056
69 4 69 98 = 1866312
69 16 87 97 = 9316656
36 41 72 30 = 3188160
36 16 68 8 = 313344
36 42 88 66 = 8781696
36 73 57 35 = 5242860
41 72 30 23 = 2036880
41 73 87 83 = 21612453
41 36 69 20 = 2036880
41 16 36 4 = 94464
41 38 62 99 = 9563004
72 30 23 88 = 4371840
72 38 57 97 = 15127344
72 41 36 69 = 7332768
72 73 68 52 = 18585216
72 25 20 16 = 576000
30 23 88 34 = 2064480
30 25 62 35 = 1627500
30 72 41 36 = 3188160
30 38 87 8 = 793440
30 39 72 7 = 589680
23 88 34 62 = 4266592
23 39 20 99 = 1776060
23 30 72 41 = 2036880
23 25 57 83 = 2720325
23 11 3 97 = 73623
88 34 62 99 = 18364896
88 11 72 16 = 1115136
88 23 30 72 = 4371840
88 39 62 97 = 20640048
88 24 46 57 = 5537664
34 62 99 69 = 14399748
34 24 3 7 = 17136
34 88 23 30 = 2064480
34 11 20 35 = 261800
34 94 33 32 = 3374976
62 99 69 82 = 34728804
62 94 46 97 = 26004536
62 34 88 23 = 4266592
62 24 72 99 = 10606464
62 72 67 16 = 4785408
99 69 82 67 = 37529514
99 72 33 57 = 13407768
99 62 34 88 = 18364896
99 94 3 16 = 446688
99 18 46 26 = 2131272
69 82 67 59 = 22366074
69 18 67 32 = 2662848
69 99 62 34 = 14399748
69 72 46 7 = 1599696
69 8 55 26 = 789360
82 67 59 85 = 27552410
82 8 46 16 = 482816
82 69 99 62 = 34728804
82 18 33 97 = 4724676
82 46 12 79 = 3575856
67 59 85 74 = 24864370
67 46 55 26 = 4407260
67 82 69 99 = 37529514
67 8 67 57 = 2046984
67 29 32 33 = 2051808
59 85 74 4 = 1484440
59 29 12 26 = 533832
59 67 82 69 = 22366074
59 46 46 32 = 3995008
59 32 63 27 = 3211488
85 74 4 36 = 905760
85 32 32 79 = 6876160
85 59 67 82 = 27552410
85 29 55 16 = 2169200
85 40 93 98 = 30987600
74 4 36 16 = 170496
74 40 63 33 = 6153840
74 85 59 67 = 24864370
74 32 12 26 = 738816
74 62 53 66 = 16048824
4 62 93 27 = 622728
4 74 85 59 = 1484440
4 40 32 26 = 133120
36 76 53 98 = 14210784
36 4 74 85 = 905760
36 62 63 79 = 11108664
16 36 69 66 = 2623104
16 36 4 74 = 170496
16 76 93 33 = 3731904
20 73 35 29 = 1481900
20 20 4 88 = 140800
20 16 76 93 = 2261760
20 69 16 87 = 1920960
73 35 29 78 = 5779410
73 69 42 36 = 7615944
73 20 36 53 = 2785680
73 36 73 57 = 10935108
35 29 78 31 = 2454270
35 36 16 68 = 1370880
35 69 4 69 = 666540
35 41 38 62 = 3380860
29 78 31 90 = 6310980
29 41 73 87 = 7551339
29 35 73 20 = 1481900
29 36 42 88 = 3858624
29 72 25 20 = 1044000
78 31 90 1 = 217620
78 72 38 57 = 12164256
78 29 35 73 = 5779410
78 41 16 36 = 1842048
78 30 39 72 = 6570720
31 90 1 74 = 206460
31 30 25 62 = 1441500
31 78 29 35 = 2454270
31 72 73 68 = 11079648
31 23 11 3 = 23529
90 1 74 31 = 206460
90 23 39 20 = 1614600
90 31 78 29 = 6310980
90 30 38 87 = 8926200
90 88 24 46 = 8743680
1 74 31 49 = 112406
1 88 11 72 = 69696
1 90 31 78 = 217620
1 23 25 57 = 32775
1 34 94 33 = 105468
74 31 49 71 = 7980826
74 34 24 3 = 181152
74 1 90 31 = 206460
74 88 39 62 = 15746016
74 62 72 67 = 22132512
31 49 71 48 = 5176752
31 62 94 46 = 8310728
31 74 1 90 = 206460
31 34 11 20 = 231880
31 99 18 46 = 2541132
49 71 48 86 = 14361312
49 99 72 33 = 11525976
49 31 74 1 = 112406
49 62 24 72 = 5249664
49 69 8 55 = 1487640
71 48 86 81 = 23740128
71 69 18 67 = 5908194
71 49 31 74 = 7980826
71 99 94 3 = 1982178
71 82 46 12 = 3213744
48 86 81 16 = 5349888
48 82 8 46 = 1448448
48 71 49 31 = 5176752
48 69 72 46 = 10969344
48 67 29 32 = 2984448
86 81 16 23 = 2563488
86 67 46 55 = 14577860
86 48 71 49 = 14361312
86 82 18 33 = 4188888
86 59 32 63 = 10229184
81 16 23 57 = 1699056
81 59 29 12 = 1663092
81 86 48 71 = 23740128
81 67 8 67 = 2908872
81 85 40 93 = 25612200
16 23 57 5 = 104880
16 85 32 32 = 1392640
16 81 86 48 = 5349888
16 59 46 46 = 1997504
16 74 62 53 = 3890624
23 57 5 54 = 353970
23 74 40 63 = 4289040
23 16 81 86 = 2563488
23 85 29 55 = 3118225
23 4 76 69 = 482448
57 4 62 93 = 1314648
57 23 16 81 = 1699056
57 74 32 12 = 1619712
5 36 76 53 = 725040
5 57 23 16 = 104880
5 4 40 32 = 25600
54 16 36 69 = 2146176
54 5 57 23 = 353970
54 36 62 63 = 7593264
1 70 54 71 = 268380
1 20 20 4 = 1600
1 54 36 62 = 120528
1 73 36 73 = 191844
70 54 71 83 = 22275540
70 73 69 42 = 14808780
70 20 16 76 = 1702400
70 35 41 38 = 3817100
54 71 83 51 = 16229322
54 35 36 16 = 1088640
54 73 20 36 = 2838240
54 29 72 25 = 2818800
71 83 51 54 = 16229322
71 29 41 73 = 6162587
71 54 70 1 = 268380
71 35 69 4 = 685860
71 78 30 39 = 6479460
83 51 54 69 = 15772158
83 78 72 38 = 17712864
83 71 54 70 = 22275540
83 29 36 42 = 3639384
83 31 23 11 = 650969
51 54 69 16 = 3040416
51 31 30 25 = 1185750
51 83 71 54 = 16229322
51 78 41 16 = 2609568
51 90 88 24 = 9694080
54 69 16 92 = 5484672
54 90 23 39 = 4359420
54 51 83 71 = 16229322
54 31 72 73 = 8798544
54 1 34 94 = 172584
69 16 92 33 = 3351744
69 1 88 11 = 66792
69 54 51 83 = 15772158
69 90 30 38 = 7079400
69 74 62 72 = 22793184
16 92 33 48 = 2331648
16 74 34 24 = 966144
16 69 54 51 = 3040416
16 1 23 25 = 9200
16 31 99 18 = 883872
92 33 48 61 = 8889408
92 31 62 94 = 16621456
92 16 69 54 = 5484672
92 74 88 39 = 23365056
92 49 69 8 = 2488416
33 48 61 43 = 4154832
33 49 99 72 = 11525976
33 92 16 69 = 3351744
33 31 34 11 = 382602
33 71 82 46 = 8837796
48 61 43 52 = 6547008
48 71 69 18 = 4232736
48 33 92 16 = 2331648
48 49 62 24 = 3499776
48 48 67 29 = 4476672
61 43 52 1 = 136396
61 48 82 8 = 1920768
61 48 33 92 = 8889408
61 71 99 94 = 40304286
61 86 59 32 = 9904448
43 52 1 89 = 199004
43 86 67 46 = 11397236
43 61 48 33 = 4154832
43 48 69 72 = 10253952
43 81 85 40 = 11842200
52 1 89 19 = 87932
52 81 59 29 = 7206732
52 43 61 48 = 6547008
52 86 82 18 = 6600672
52 16 74 62 = 3817216
1 89 19 67 = 113297
1 16 85 32 = 43520
1 52 43 61 = 136396
1 81 67 8 = 43416
1 23 4 76 = 6992
89 19 67 48 = 5438256
89 23 74 40 = 6059120
89 1 52 43 = 199004
89 16 59 46 = 3864736
89 57 36 36 = 6574608
19 57 4 62 = 268584
19 89 1 52 = 87932
19 23 85 29 = 1077205
67 5 36 76 = 916560
67 19 89 1 = 113297
67 57 74 32 = 9043392
48 54 16 36 = 1492992
48 67 19 89 = 5438256
48 5 4 40 = 38400
